    2013 Sunrise and Sunset times for London           Longitude W000 10  Latitude N51 30


         January       February         March          April           May           June

       Rise   Set     Rise   Set     Rise   Set     Rise   Set     Rise   Set     Rise   Set
       h  m   h  m    h  m   h  m    h  m   h  m    h  m   h  m    h  m   h  m    h  m   h  m
  1   08 06  16 03   07 39  16 50   06 46  17 41   06 36  19 34   05 32  20 24   04 49  21 09
  2   08 06  16 04   07 37  16 52   06 43  17 43   06 34  19 36   05 31  20 26   04 48  21 10
  3   08 06  16 05   07 36  16 54   06 41  17 45   06 31  19 37   05 29  20 27   04 48  21 11
  4   08 06  16 06   07 34  16 56   06 39  17 46   06 29  19 39   05 27  20 29   04 47  21 12
  5   08 05  16 07   07 32  16 58   06 37  17 48   06 27  19 41   05 25  20 31   04 46  21 13
 
  6   08 05  16 08   07 31  17 00   06 35  17 50   06 25  19 42   05 23  20 32   04 46  21 13
  7   08 05  16 10   07 29  17 01   06 33  17 52   06 22  19 44   05 22  20 34   04 45  21 14
  8   08 04  16 11   07 27  17 03   06 30  17 53   06 20  19 46   05 20  20 35   04 45  21 15
  9   08 04  16 12   07 25  17 05   06 28  17 55   06 18  19 48   05 18  20 37   04 44  21 16
 10   08 03  16 14   07 24  17 07   06 26  17 57   06 16  19 49   05 17  20 39   04 44  21 17
 
 11   08 02  16 15   07 22  17 09   06 24  17 59   06 14  19 51   05 15  20 40   04 44  21 17
 12   08 02  16 17   07 20  17 11   06 21  18 00   06 11  19 53   05 13  20 42   04 43  21 18
 13   08 01  16 18   07 18  17 12   06 19  18 02   06 09  19 54   05 12  20 43   04 43  21 19
 14   08 00  16 20   07 16  17 14   06 17  18 04   06 07  19 56   05 10  20 45   04 43  21 19
 15   07 59  16 21   07 14  17 16   06 15  18 05   06 05  19 58   05 09  20 46   04 43  21 20
 
 16   07 59  16 23   07 12  17 18   06 12  18 07   06 03  19 59   05 07  20 48   04 43  21 20
 17   07 58  16 24   07 10  17 20   06 10  18 09   06 01  20 01   05 06  20 49   04 43  21 21
 18   07 57  16 26   07 08  17 21   06 08  18 11   05 58  20 03   05 04  20 51   04 43  21 21
 19   07 56  16 28   07 06  17 23   06 06  18 12   05 56  20 04   05 03  20 52   04 43  21 21
 20   07 55  16 29   07 04  17 25   06 03  18 14   05 54  20 06   05 02  20 53   04 43  21 21
 
 21   07 54  16 31   07 02  17 27   06 01  18 16   05 52  20 08   05 01  20 55   04 43  21 22
 22   07 52  16 33   07 00  17 29   05 59  18 17   05 50  20 09   04 59  20 56   04 44  21 22
 23   07 51  16 34   06 58  17 31   05 56  18 19   05 48  20 11   04 58  20 58   04 44  21 22
 24   07 50  16 36   06 56  17 32   05 54  18 21   05 46  20 13   04 57  20 59   04 44  21 22
 25   07 49  16 38   06 54  17 34   05 52  18 22   05 44  20 14   04 56  21 00   04 45  21 22
 
 26   07 47  16 40   06 52  17 36   05 50  18 24   05 42  20 16   04 55  21 01   04 45  21 22
 27   07 46  16 41   06 50  17 38   05 47  18 26   05 40  20 18   04 54  21 03   04 45  21 22
 28   07 45  16 43   06 48  17 39   05 45  18 27   05 38  20 19   04 53  21 04   04 46  21 22
 29   07 43  16 45                  05 43  18 29   05 36  20 21   04 52  21 05   04 47  21 21
 30   07 42  16 47                  05 40  18 31   05 34  20 22   04 51  21 06   04 47  21 21
 
 31   07 40  16 49                  06 38  19 32                  04 50  21 07               


 NOTE: These times are in GMT, except between 0100 on Mar.31 and 0100 on Oct.27,
       when the times are in BST (1 hour in advance of GMT).
 
 © Crown Copyright.  This information is protected by international copyright law. No part of
 this information may be reproduced, stored in a retrieval system or transmitted in any form
 or by any means, electronic, mechanical, photocopying, recording or otherwise without prior
 permission from The UK Hydrographic Office, Admiralty Way, Taunton, TA1 2DN, United Kingdom
 (www.ukho.gov.uk). Data generated using algorithms developed by HM Nautical Almanac Office.
 

 Computed on 31-Jul-2019

    2013 Sunrise and Sunset times for London           Longitude W000 10  Latitude N51 30


          July          August        September       October       November       December

       Rise   Set     Rise   Set     Rise   Set     Rise   Set     Rise   Set     Rise   Set
       h  m   h  m    h  m   h  m    h  m   h  m    h  m   h  m    h  m   h  m    h  m   h  m
  1   04 48  21 21   05 24  20 48   06 13  19 47   07 01  18 38   06 54  16 33   07 44  15 55
  2   04 49  21 21   05 26  20 47   06 15  19 45   07 03  18 36   06 56  16 32   07 45  15 55
  3   04 49  21 20   05 28  20 45   06 17  19 42   07 05  18 34   06 58  16 30   07 47  15 54
  4   04 50  21 20   05 29  20 43   06 18  19 40   07 06  18 31   07 00  16 28   07 48  15 53
  5   04 51  21 19   05 31  20 42   06 20  19 38   07 08  18 29   07 01  16 26   07 49  15 53
 
  6   04 52  21 19   05 32  20 40   06 21  19 36   07 10  18 27   07 03  16 25   07 51  15 53
  7   04 53  21 18   05 34  20 38   06 23  19 33   07 11  18 25   07 05  16 23   07 52  15 52
  8   04 54  21 17   05 35  20 36   06 24  19 31   07 13  18 22   07 07  16 22   07 53  15 52
  9   04 55  21 17   05 37  20 34   06 26  19 29   07 15  18 20   07 08  16 20   07 54  15 52
 10   04 56  21 16   05 38  20 33   06 28  19 26   07 16  18 18   07 10  16 18   07 55  15 52
 
 11   04 57  21 15   05 40  20 31   06 29  19 24   07 18  18 16   07 12  16 17   07 56  15 52
 12   04 58  21 14   05 42  20 29   06 31  19 22   07 20  18 14   07 14  16 15   07 57  15 52
 13   04 59  21 13   05 43  20 27   06 32  19 20   07 21  18 12   07 15  16 14   07 58  15 52
 14   05 00  21 12   05 45  20 25   06 34  19 17   07 23  18 09   07 17  16 13   07 59  15 52
 15   05 01  21 11   05 46  20 23   06 36  19 15   07 25  18 07   07 19  16 11   08 00  15 52
 
 16   05 02  21 10   05 48  20 21   06 37  19 13   07 26  18 05   07 21  16 10   08 01  15 52
 17   05 04  21 09   05 49  20 19   06 39  19 10   07 28  18 03   07 22  16 09   08 01  15 52
 18   05 05  21 08   05 51  20 17   06 40  19 08   07 30  18 01   07 24  16 07   08 02  15 52
 19   05 06  21 07   05 53  20 15   06 42  19 06   07 32  17 59   07 26  16 06   08 03  15 53
 20   05 07  21 06   05 54  20 13   06 44  19 03   07 33  17 57   07 27  16 05   08 03  15 53
 
 21   05 09  21 05   05 56  20 11   06 45  19 01   07 35  17 55   07 29  16 04   08 04  15 54
 22   05 10  21 03   05 57  20 09   06 47  18 59   07 37  17 53   07 30  16 03   08 04  15 54
 23   05 11  21 02   05 59  20 06   06 48  18 57   07 39  17 51   07 32  16 02   08 05  15 55
 24   05 13  21 01   06 01  20 04   06 50  18 54   07 40  17 49   07 34  16 01   08 05  15 55
 25   05 14  20 59   06 02  20 02   06 52  18 52   07 42  17 47   07 35  16 00   08 06  15 56
 
 26   05 16  20 58   06 04  20 00   06 53  18 50   07 44  17 45   07 37  15 59   08 06  15 57
 27   05 17  20 56   06 05  19 58   06 55  18 47   06 46  16 43   07 38  15 58   08 06  15 58
 28   05 19  20 55   06 07  19 56   06 57  18 45   06 47  16 41   07 40  15 57   08 06  15 58
 29   05 20  20 53   06 09  19 53   06 58  18 43   06 49  16 39   07 41  15 56   08 06  15 59
 30   05 22  20 52   06 10  19 51   07 00  18 40   06 51  16 37   07 43  15 56   08 06  16 00
 
 31   05 23  20 50   06 12  19 49                  06 53  16 35                  08 06  16 01


 NOTE: These times are in GMT, except between 0100 on Mar.31 and 0100 on Oct.27,
       when the times are in BST (1 hour in advance of GMT).
 
 © Crown Copyright.  This information is protected by international copyright law. No part of
 this information may be reproduced, stored in a retrieval system or transmitted in any form
 or by any means, electronic, mechanical, photocopying, recording or otherwise without prior
 permission from The UK Hydrographic Office, Admiralty Way, Taunton, TA1 2DN, United Kingdom
 (www.ukho.gov.uk). Data generated using algorithms developed by HM Nautical Almanac Office.
 

 Computed on 31-Jul-2019

    2013 Civil Twilight times for London           Longitude W000 10  Latitude N51 30


         January       February         March          April           May           June

      Start   End    Start   End    Start   End    Start   End    Start   End    Start   End
       h  m   h  m    h  m   h  m    h  m   h  m    h  m   h  m    h  m   h  m    h  m   h  m
  1   07 26  16 43   07 03  17 27   06 12  18 15   06 02  20 08   04 54  21 03   04 04  21 54
  2   07 26  16 44   07 01  17 28   06 10  18 16   06 00  20 10   04 52  21 04   04 03  21 55
  3   07 26  16 45   07 00  17 30   06 08  18 18   05 57  20 12   04 50  21 06   04 02  21 57
  4   07 26  16 46   06 58  17 32   06 06  18 20   05 55  20 13   04 48  21 08   04 01  21 58
  5   07 26  16 47   06 57  17 33   06 04  18 22   05 53  20 15   04 46  21 10   04 00  21 59
 
  6   07 26  16 48   06 55  17 35   06 01  18 23   05 50  20 17   04 44  21 12   03 59  22 00
  7   07 25  16 49   06 54  17 37   05 59  18 25   05 48  20 19   04 42  21 14   03 59  22 01
  8   07 25  16 50   06 52  17 39   05 57  18 27   05 46  20 21   04 40  21 15   03 58  22 02
  9   07 24  16 52   06 50  17 40   05 55  18 28   05 43  20 22   04 38  21 17   03 58  22 03
 10   07 24  16 53   06 49  17 42   05 53  18 30   05 41  20 24   04 36  21 19   03 57  22 04
 
 11   07 24  16 54   06 47  17 44   05 50  18 32   05 39  20 26   04 35  21 21   03 57  22 05
 12   07 23  16 56   06 45  17 45   05 48  18 34   05 36  20 28   04 33  21 23   03 56  22 05
 13   07 22  16 57   06 43  17 47   05 46  18 35   05 34  20 30   04 31  21 24   03 56  22 06
 14   07 22  16 58   06 42  17 49   05 44  18 37   05 32  20 31   04 29  21 26   03 56  22 07
 15   07 21  17 00   06 40  17 51   05 41  18 39   05 29  20 33   04 27  21 28   03 55  22 07
 
 16   07 20  17 01   06 38  17 52   05 39  18 40   05 27  20 35   04 26  21 30   03 55  22 08
 17   07 19  17 03   06 36  17 54   05 37  18 42   05 25  20 37   04 24  21 31   03 55  22 08
 18   07 19  17 04   06 34  17 56   05 35  18 44   05 23  20 39   04 22  21 33   03 55  22 09
 19   07 18  17 06   06 32  17 58   05 32  18 46   05 20  20 40   04 21  21 35   03 55  22 09
 20   07 17  17 07   06 30  17 59   05 30  18 47   05 18  20 42   04 19  21 36   03 55  22 09
 
 21   07 16  17 09   06 28  18 01   05 28  18 49   05 16  20 44   04 18  21 38   03 56  22 09
 22   07 15  17 10   06 26  18 03   05 25  18 51   05 14  20 46   04 16  21 40   03 56  22 10
 23   07 14  17 12   06 24  18 04   05 23  18 52   05 11  20 48   04 15  21 41   03 56  22 10
 24   07 13  17 13   06 22  18 06   05 21  18 54   05 09  20 50   04 13  21 43   03 56  22 10
 25   07 12  17 15   06 20  18 08   05 18  18 56   05 07  20 51   04 12  21 44   03 57  22 10
 
 26   07 10  17 17   06 18  18 10   05 16  18 58   05 05  20 53   04 11  21 46   03 57  22 09
 27   07 09  17 18   06 16  18 11   05 14  18 59   05 03  20 55   04 09  21 47   03 58  22 09
 28   07 08  17 20   06 14  18 13   05 11  19 01   05 01  20 57   04 08  21 49   03 59  22 09
 29   07 07  17 22                  05 09  19 03   04 58  20 59   04 07  21 50   03 59  22 09
 30   07 05  17 23                  05 07  19 05   04 56  21 01   04 06  21 52   04 00  22 08
 
 31   07 04  17 25                  06 04  20 06                  04 05  21 53               


 NOTE: These times are in GMT, except between 0100 on Mar.31 and 0100 on Oct.27,
       when the times are in BST (1 hour in advance of GMT).
 
 © Crown Copyright.  This information is protected by international copyright law. No part of
 this information may be reproduced, stored in a retrieval system or transmitted in any form
 or by any means, electronic, mechanical, photocopying, recording or otherwise without prior
 permission from The UK Hydrographic Office, Admiralty Way, Taunton, TA1 2DN, United Kingdom
 (www.ukho.gov.uk). Data generated using algorithms developed by HM Nautical Almanac Office.
 

 Computed on 31-Jul-2019

    2013 Civil Twilight times for London           Longitude W000 10  Latitude N51 30


          July          August        September       October       November       December

      Start   End    Start   End    Start   End    Start   End    Start   End    Start   End
       h  m   h  m    h  m   h  m    h  m   h  m    h  m   h  m    h  m   h  m    h  m   h  m
  1   04 01  22 08   04 44  21 29   05 38  20 22   06 28  19 11   06 19  17 09   07 05  16 34
  2   04 02  22 07   04 46  21 27   05 40  20 19   06 30  19 09   06 21  17 07   07 06  16 34
  3   04 02  22 07   04 47  21 25   05 42  20 17   06 31  19 07   06 22  17 05   07 08  16 33
  4   04 03  22 06   04 49  21 23   05 44  20 15   06 33  19 05   06 24  17 04   07 09  16 33
  5   04 04  22 06   04 51  21 21   05 45  20 12   06 35  19 02   06 26  17 02   07 10  16 33
 
  6   04 05  22 05   04 53  21 19   05 47  20 10   06 36  19 00   06 27  17 01   07 11  16 32
  7   04 06  22 04   04 54  21 17   05 49  20 07   06 38  18 58   06 29  16 59   07 12  16 32
  8   04 08  22 03   04 56  21 15   05 50  20 05   06 40  18 56   06 31  16 58   07 13  16 32
  9   04 09  22 02   04 58  21 13   05 52  20 03   06 41  18 54   06 32  16 56   07 14  16 32
 10   04 10  22 01   05 00  21 11   05 54  20 00   06 43  18 51   06 34  16 55   07 15  16 32
 
 11   04 11  22 00   05 02  21 09   05 55  19 58   06 44  18 49   06 35  16 53   07 16  16 32
 12   04 12  21 59   05 03  21 07   05 57  19 56   06 46  18 47   06 37  16 52   07 17  16 32
 13   04 14  21 58   05 05  21 05   05 59  19 53   06 48  18 45   06 39  16 51   07 18  16 32
 14   04 15  21 57   05 07  21 02   06 00  19 51   06 49  18 43   06 40  16 49   07 19  16 32
 15   04 17  21 56   05 09  21 00   06 02  19 49   06 51  18 41   06 42  16 48   07 20  16 32
 
 16   04 18  21 55   05 10  20 58   06 04  19 46   06 53  18 39   06 43  16 47   07 20  16 32
 17   04 19  21 53   05 12  20 56   06 05  19 44   06 54  18 37   06 45  16 46   07 21  16 32
 18   04 21  21 52   05 14  20 54   06 07  19 41   06 56  18 35   06 47  16 45   07 22  16 33
 19   04 22  21 50   05 16  20 51   06 09  19 39   06 58  18 33   06 48  16 44   07 22  16 33
 20   04 24  21 49   05 18  20 49   06 10  19 37   06 59  18 31   06 50  16 43   07 23  16 34
 
 21   04 26  21 48   05 19  20 47   06 12  19 34   07 01  18 29   06 51  16 42   07 24  16 34
 22   04 27  21 46   05 21  20 45   06 13  19 32   07 03  18 27   06 53  16 41   07 24  16 35
 23   04 29  21 44   05 23  20 42   06 15  19 30   07 04  18 25   06 54  16 40   07 25  16 35
 24   04 30  21 43   05 25  20 40   06 17  19 27   07 06  18 23   06 55  16 39   07 25  16 36
 25   04 32  21 41   05 26  20 38   06 18  19 25   07 08  18 21   06 57  16 38   07 25  16 36
 
 26   04 34  21 40   05 28  20 36   06 20  19 23   07 09  18 19   06 58  16 37   07 26  16 37
 27   04 35  21 38   05 30  20 33   06 22  19 20   06 11  17 17   07 00  16 37   07 26  16 38
 28   04 37  21 36   05 32  20 31   06 23  19 18   06 12  17 16   07 01  16 36   07 26  16 39
 29   04 39  21 34   05 33  20 29   06 25  19 16   06 14  17 14   07 02  16 35   07 26  16 40
 30   04 40  21 33   05 35  20 26   06 27  19 14   06 16  17 12   07 04  16 35   07 26  16 40
 
 31   04 42  21 31   05 37  20 24                  06 17  17 10                  07 26  16 41


 NOTE: These times are in GMT, except between 0100 on Mar.31 and 0100 on Oct.27,
       when the times are in BST (1 hour in advance of GMT).
 
 © Crown Copyright.  This information is protected by international copyright law. No part of
 this information may be reproduced, stored in a retrieval system or transmitted in any form
 or by any means, electronic, mechanical, photocopying, recording or otherwise without prior
 permission from The UK Hydrographic Office, Admiralty Way, Taunton, TA1 2DN, United Kingdom
 (www.ukho.gov.uk). Data generated using algorithms developed by HM Nautical Almanac Office.
 

 Computed on 31-Jul-2019

    2013 Nautical Twilight times for London           Longitude W000 10  Latitude N51 30


         January       February         March          April           May           June

      Start   End    Start   End    Start   End    Start   End    Start   End    Start   End
       h  m   h  m    h  m   h  m    h  m   h  m    h  m   h  m    h  m   h  m    h  m   h  m
  1   06 43  17 25   06 22  18 07   05 34  18 53   05 21  20 49   04 05  21 52   02 57  23 02
  2   06 43  17 26   06 21  18 08   05 32  18 55   05 19  20 51   04 02  21 55   02 55  23 04
  3   06 43  17 27   06 20  18 10   05 29  18 57   05 16  20 53   04 00  21 57   02 54  23 05
  4   06 43  17 28   06 18  18 12   05 27  18 59   05 14  20 55   03 57  21 59   02 52  23 07
  5   06 43  17 29   06 17  18 13   05 25  19 00   05 11  20 57   03 55  22 02   02 51  23 09
 
  6   06 43  17 31   06 15  18 15   05 23  19 02   05 09  20 59   03 52  22 04   02 50  23 10
  7   06 43  17 32   06 14  18 16   05 21  19 04   05 06  21 01   03 50  22 06   02 48  23 12
  8   06 42  17 33   06 12  18 18   05 18  19 05   05 03  21 03   03 47  22 09   02 47  23 13
  9   06 42  17 34   06 11  18 20   05 16  19 07   05 01  21 05   03 45  22 11   02 46  23 15
 10   06 42  17 35   06 09  18 21   05 14  19 09   04 58  21 07   03 43  22 13   02 45  23 16
 
 11   06 41  17 36   06 08  18 23   05 12  19 11   04 56  21 09   03 40  22 16   02 44  23 17
 12   06 41  17 38   06 06  18 25   05 09  19 12   04 53  21 11   03 38  22 18   02 43  23 18
 13   06 40  17 39   06 04  18 26   05 07  19 14   04 51  21 13   03 36  22 20   02 43  23 19
 14   06 40  17 40   06 03  18 28   05 05  19 16   04 48  21 15   03 33  22 23   02 42  23 20
 15   06 39  17 42   06 01  18 30   05 03  19 18   04 46  21 17   03 31  22 25   02 42  23 21
 
 16   06 39  17 43   05 59  18 31   05 00  19 20   04 43  21 19   03 29  22 27   02 41  23 22
 17   06 38  17 44   05 57  18 33   04 58  19 21   04 40  21 22   03 26  22 30   02 41  23 23
 18   06 37  17 46   05 55  18 35   04 55  19 23   04 38  21 24   03 24  22 32   02 41  23 23
 19   06 36  17 47   05 54  18 36   04 53  19 25   04 35  21 26   03 22  22 34   02 41  23 24
 20   06 36  17 49   05 52  18 38   04 51  19 27   04 33  21 28   03 20  22 36   02 41  23 24
 
 21   06 35  17 50   05 50  18 40   04 48  19 29   04 30  21 30   03 18  22 39   02 41  23 24
 22   06 34  17 51   05 48  18 41   04 46  19 30   04 28  21 32   03 16  22 41   02 41  23 24
 23   06 33  17 53   05 46  18 43   04 43  19 32   04 25  21 35   03 13  22 43   02 42  23 24
 24   06 32  17 54   05 44  18 45   04 41  19 34   04 23  21 37   03 11  22 45   02 42  23 24
 25   06 31  17 56   05 42  18 47   04 39  19 36   04 20  21 39   03 09  22 47   02 43  23 24
 
 26   06 30  17 57   05 40  18 48   04 36  19 38   04 17  21 41   03 07  22 50   02 43  23 23
 27   06 29  17 59   05 38  18 50   04 34  19 40   04 15  21 43   03 06  22 52   02 44  23 23
 28   06 27  18 01   05 36  18 52   04 31  19 42   04 12  21 46   03 04  22 54   02 45  23 22
 29   06 26  18 02                  04 29  19 43   04 10  21 48   03 02  22 56   02 46  23 22
 30   06 25  18 04                  04 26  19 45   04 07  21 50   03 00  22 58   02 47  23 21
 
 31   06 24  18 05                  05 24  20 47                  02 58  23 00               


 NOTE: These times are in GMT, except between 0100 on Mar.31 and 0100 on Oct.27,
       when the times are in BST (1 hour in advance of GMT).
 
 © Crown Copyright.  This information is protected by international copyright law. No part of
 this information may be reproduced, stored in a retrieval system or transmitted in any form
 or by any means, electronic, mechanical, photocopying, recording or otherwise without prior
 permission from The UK Hydrographic Office, Admiralty Way, Taunton, TA1 2DN, United Kingdom
 (www.ukho.gov.uk). Data generated using algorithms developed by HM Nautical Almanac Office.
 

 Computed on 31-Jul-2019

    2013 Nautical Twilight times for London           Longitude W000 10  Latitude N51 30


          July          August        September       October       November       December

      Start   End    Start   End    Start   End    Start   End    Start   End    Start   End
       h  m   h  m    h  m   h  m    h  m   h  m    h  m   h  m    h  m   h  m    h  m   h  m
  1   02 48  23 20   03 49  22 23   04 56  21 04   05 49  19 50   05 40  17 48   06 23  17 16
  2   02 49  23 19   03 52  22 20   04 57  21 02   05 51  19 48   05 41  17 46   06 24  17 16
  3   02 51  23 18   03 54  22 18   04 59  20 59   05 53  19 45   05 43  17 45   06 25  17 16
  4   02 52  23 17   03 56  22 16   05 01  20 56   05 54  19 43   05 44  17 43   06 26  17 15
  5   02 54  23 16   03 58  22 13   05 03  20 54   05 56  19 41   05 46  17 42   06 27  17 15
 
  6   02 55  23 14   04 01  22 11   05 05  20 51   05 58  19 39   05 47  17 40   06 28  17 15
  7   02 57  23 13   04 03  22 08   05 07  20 49   05 59  19 37   05 49  17 39   06 29  17 15
  8   02 59  23 12   04 05  22 06   05 09  20 46   06 01  19 34   05 51  17 38   06 30  17 15
  9   03 00  23 10   04 07  22 03   05 11  20 44   06 03  19 32   05 52  17 36   06 31  17 15
 10   03 02  23 09   04 10  22 01   05 13  20 41   06 04  19 30   05 54  17 35   06 32  17 15
 
 11   03 04  23 07   04 12  21 58   05 14  20 39   06 06  19 28   05 55  17 34   06 33  17 15
 12   03 06  23 05   04 14  21 56   05 16  20 36   06 07  19 26   05 57  17 32   06 34  17 15
 13   03 08  23 04   04 16  21 53   05 18  20 34   06 09  19 24   05 58  17 31   06 35  17 15
 14   03 10  23 02   04 18  21 51   05 20  20 31   06 11  19 22   06 00  17 30   06 36  17 15
 15   03 12  23 00   04 21  21 48   05 22  20 29   06 12  19 19   06 01  17 29   06 37  17 15
 
 16   03 14  22 58   04 23  21 45   05 23  20 26   06 14  19 17   06 03  17 28   06 37  17 15
 17   03 16  22 56   04 25  21 43   05 25  20 24   06 16  19 15   06 04  17 27   06 38  17 16
 18   03 18  22 54   04 27  21 40   05 27  20 21   06 17  19 13   06 05  17 26   06 39  17 16
 19   03 20  22 52   04 29  21 38   05 29  20 19   06 19  19 11   06 07  17 25   06 39  17 16
 20   03 22  22 50   04 31  21 35   05 31  20 16   06 20  19 09   06 08  17 24   06 40  17 17
 
 21   03 25  22 48   04 33  21 33   05 32  20 14   06 22  19 08   06 10  17 23   06 40  17 17
 22   03 27  22 46   04 35  21 30   05 34  20 11   06 24  19 06   06 11  17 22   06 41  17 18
 23   03 29  22 44   04 37  21 27   05 36  20 09   06 25  19 04   06 12  17 21   06 41  17 18
 24   03 31  22 41   04 40  21 25   05 37  20 07   06 27  19 02   06 14  17 20   06 42  17 19
 25   03 33  22 39   04 42  21 22   05 39  20 04   06 28  19 00   06 15  17 20   06 42  17 20
 
 26   03 36  22 37   04 44  21 20   05 41  20 02   06 30  18 58   06 16  17 19   06 42  17 20
 27   03 38  22 35   04 46  21 17   05 43  19 59   05 32  17 56   06 18  17 18   06 43  17 21
 28   03 40  22 32   04 48  21 14   05 44  19 57   05 33  17 55   06 19  17 18   06 43  17 22
 29   03 42  22 30   04 50  21 12   05 46  19 55   05 35  17 53   06 20  17 17   06 43  17 23
 30   03 45  22 28   04 52  21 09   05 48  19 52   05 36  17 51   06 22  17 17   06 43  17 23
 
 31   03 47  22 25   04 54  21 07                  05 38  17 50                  06 43  17 24


 NOTE: These times are in GMT, except between 0100 on Mar.31 and 0100 on Oct.27,
       when the times are in BST (1 hour in advance of GMT).
 
 © Crown Copyright.  This information is protected by international copyright law. No part of
 this information may be reproduced, stored in a retrieval system or transmitted in any form
 or by any means, electronic, mechanical, photocopying, recording or otherwise without prior
 permission from The UK Hydrographic Office, Admiralty Way, Taunton, TA1 2DN, United Kingdom
 (www.ukho.gov.uk). Data generated using algorithms developed by HM Nautical Almanac Office.
 

 Computed on 31-Jul-2019

    2013 Astronomical Twilight times for London           Longitude W000 10  Latitude N51 30


         January       February         March          April           May           June

      Start   End    Start   End    Start   End    Start   End    Start   End    Start   End
       h  m   h  m    h  m   h  m    h  m   h  m    h  m   h  m    h  m   h  m    h  m   h  m
  1   06 03  18 06   05 43  18 46   04 55  19 32   04 37  21 33   03 04  22 55   ** **  ** **
  2   06 03  18 07   05 42  18 47   04 53  19 34   04 35  21 35   03 00  22 58   ** **  ** **
  3   06 03  18 08   05 41  18 49   04 50  19 36   04 32  21 38   02 56  23 02   ** **  ** **
  4   06 03  18 09   05 40  18 51   04 48  19 38   04 29  21 40   02 53  23 05   ** **  ** **
  5   06 03  18 10   05 38  18 52   04 46  19 39   04 26  21 42   02 49  23 09   ** **  ** **
 
  6   06 03  18 11   05 37  18 54   04 44  19 41   04 23  21 45   02 45  23 13   ** **  ** **
  7   06 02  18 12   05 35  18 55   04 41  19 43   04 20  21 47   02 41  23 16   ** **  ** **
  8   06 02  18 13   05 34  18 57   04 39  19 45   04 17  21 50   02 37  23 20   ** **  ** **
  9   06 02  18 14   05 32  18 58   04 37  19 47   04 14  21 52   02 33  23 24   ** **  ** **
 10   06 02  18 15   05 31  19 00   04 35  19 49   04 11  21 54   02 29  23 29   ** **  ** **
 
 11   06 01  18 17   05 29  19 02   04 32  19 50   04 08  21 57   02 25  23 33   ** **  ** **
 12   06 01  18 18   05 27  19 03   04 30  19 52   04 05  21 59   02 21  23 37   ** **  ** **
 13   06 00  18 19   05 26  19 05   04 27  19 54   04 02  22 02   02 16  23 42   ** **  ** **
 14   06 00  18 20   05 24  19 07   04 25  19 56   03 59  22 05   02 12  23 47   ** **  ** **
 15   05 59  18 22   05 22  19 08   04 22  19 58   03 56  22 07   02 07  23 52   ** **  ** **
 
 16   05 59  18 23   05 20  19 10   04 20  20 00   03 53  22 10   02 02  23 57   ** **  ** **
 17   05 58  18 24   05 19  19 12   04 17  20 02   03 50  22 13   01 56  ** **   ** **  ** **
 18   05 57  18 26   05 17  19 13   04 15  20 04   03 47  22 15   01 50  00 03   ** **  ** **
 19   05 57  18 27   05 15  19 15   04 12  20 06   03 44  22 18   01 44  00 10   ** **  ** **
 20   05 56  18 28   05 13  19 17   04 10  20 08   03 41  22 21   01 37  00 17   ** **  ** **
 
 21   05 55  18 30   05 11  19 18   04 07  20 10   03 37  22 24   01 28  00 26   ** **  ** **
 22   05 54  18 31   05 09  19 20   04 05  20 12   03 34  22 27   01 17  00 38   ** **  ** **
 23   05 53  18 32   05 07  19 22   04 02  20 14   03 31  22 29   ** **  ** **   ** **  ** **
 24   05 52  18 34   05 05  19 24   03 59  20 16   03 28  22 32   ** **  ** **   ** **  ** **
 25   05 51  18 35   05 03  19 25   03 57  20 18   03 24  22 35   ** **  ** **   ** **  ** **
 
 26   05 50  18 37   05 01  19 27   03 54  20 20   03 21  22 39   ** **  ** **   ** **  ** **
 27   05 49  18 38   04 59  19 29   03 51  20 22   03 18  22 42   ** **  ** **   ** **  ** **
 28   05 48  18 40   04 57  19 31   03 49  20 24   03 14  22 45   ** **  ** **   ** **  ** **
 29   05 47  18 41                  03 46  20 27   03 11  22 48   ** **  ** **   ** **  ** **
 30   05 46  18 43                  03 43  20 29   03 07  22 51   ** **  ** **   ** **  ** **
 
 31   05 45  18 44                  04 40  21 31                  ** **  ** **               

** ** indicates that the phenomenon does not occur


 NOTE: These times are in GMT, except between 0100 on Mar.31 and 0100 on Oct.27,
       when the times are in BST (1 hour in advance of GMT).
 
 © Crown Copyright.  This information is protected by international copyright law. No part of
 this information may be reproduced, stored in a retrieval system or transmitted in any form
 or by any means, electronic, mechanical, photocopying, recording or otherwise without prior
 permission from The UK Hydrographic Office, Admiralty Way, Taunton, TA1 2DN, United Kingdom
 (www.ukho.gov.uk). Data generated using algorithms developed by HM Nautical Almanac Office.
 

 Computed on 31-Jul-2019

    2013 Astronomical Twilight times for London           Longitude W000 10  Latitude N51 30


          July          August        September       October       November       December

      Start   End    Start   End    Start   End    Start   End    Start   End    Start   End
       h  m   h  m    h  m   h  m    h  m   h  m    h  m   h  m    h  m   h  m    h  m   h  m
  1   ** **  ** **   02 33  23 37   04 08  21 51   05 09  20 30   05 01  18 27   05 42  17 57
  2   ** **  ** **   02 37  23 33   04 11  21 48   05 11  20 27   05 02  18 25   05 44  17 56
  3   ** **  ** **   02 41  23 29   04 13  21 45   05 13  20 25   05 04  18 24   05 45  17 56
  4   ** **  ** **   02 45  23 25   04 15  21 42   05 15  20 23   05 05  18 22   05 46  17 56
  5   ** **  ** **   02 49  23 21   04 17  21 39   05 17  20 20   05 07  18 21   05 47  17 56
 
  6   ** **  ** **   02 53  23 17   04 20  21 36   05 18  20 18   05 09  18 19   05 48  17 55
  7   ** **  ** **   02 56  23 14   04 22  21 33   05 20  20 16   05 10  18 18   05 49  17 55
  8   ** **  ** **   03 00  23 10   04 24  21 31   05 22  20 13   05 12  18 17   05 50  17 55
  9   ** **  ** **   03 03  23 06   04 26  21 28   05 23  20 11   05 13  18 15   05 51  17 55
 10   ** **  ** **   03 07  23 03   04 29  21 25   05 25  20 09   05 15  18 14   05 52  17 55
 
 11   ** **  ** **   03 10  22 59   04 31  21 22   05 27  20 07   05 16  18 13   05 53  17 55
 12   ** **  ** **   03 13  22 56   04 33  21 19   05 29  20 04   05 17  18 12   05 53  17 55
 13   ** **  ** **   03 16  22 52   04 35  21 17   05 30  20 02   05 19  18 10   05 54  17 55
 14   ** **  ** **   03 19  22 49   04 37  21 14   05 32  20 00   05 20  18 09   05 55  17 56
 15   ** **  ** **   03 22  22 45   04 39  21 11   05 34  19 58   05 22  18 08   05 56  17 56
 
 16   ** **  ** **   03 26  22 42   04 41  21 08   05 35  19 56   05 23  18 07   05 57  17 56
 17   ** **  ** **   03 28  22 38   04 43  21 06   05 37  19 54   05 25  18 06   05 57  17 56
 18   ** **  ** **   03 31  22 35   04 45  21 03   05 39  19 52   05 26  18 05   05 58  17 57
 19   ** **  ** **   03 34  22 32   04 47  21 00   05 40  19 50   05 27  18 04   05 58  17 57
 20   ** **  ** **   03 37  22 29   04 49  20 58   05 42  19 48   05 29  18 03   05 59  17 58
 
 21   01 16  00 59   03 40  22 25   04 51  20 55   05 43  19 46   05 30  18 03   06 00  17 58
 22   01 33  00 42   03 43  22 22   04 53  20 52   05 45  19 44   05 31  18 02   06 00  17 59
 23   01 43  00 32   03 45  22 19   04 55  20 50   05 47  19 42   05 33  18 01   06 01  17 59
 24   01 51  00 24   03 48  22 16   04 57  20 47   05 48  19 40   05 34  18 00   06 01  18 00
 25   01 57  00 17   03 51  22 13   04 58  20 45   05 50  19 39   05 35  18 00   06 01  18 00
 
 26   02 04  00 11   03 53  22 09   05 00  20 42   05 51  19 37   05 36  17 59   06 02  18 01
 27   02 09  00 06   03 56  22 06   05 02  20 40   04 53  18 35   05 38  17 58   06 02  18 02
 28   02 14  ++ ++   03 58  22 03   05 04  20 37   04 55  18 33   05 39  17 58   06 02  18 03
 29   02 19  23 51   04 01  22 00   05 06  20 35   04 56  18 32   05 40  17 57   06 02  18 03
 30   02 24  23 46   04 03  21 57   05 08  20 32   04 58  18 30   05 41  17 57   06 03  18 04
 
 31   02 29  23 42   04 06  21 54                  04 59  18 28                  06 03  18 05

** ** indicates that the phenomenon does not occur

++ ++ Twilight ends twice on 2013  7 28 at 00 00 and 23 55


 NOTE: These times are in GMT, except between 0100 on Mar.31 and 0100 on Oct.27,
       when the times are in BST (1 hour in advance of GMT).
 
 © Crown Copyright.  This information is protected by international copyright law. No part of
 this information may be reproduced, stored in a retrieval system or transmitted in any form
 or by any means, electronic, mechanical, photocopying, recording or otherwise without prior
 permission from The UK Hydrographic Office, Admiralty Way, Taunton, TA1 2DN, United Kingdom
 (www.ukho.gov.uk). Data generated using algorithms developed by HM Nautical Almanac Office.
 

 Computed on 31-Jul-2019

